372441
386502
377319
386860
386847
386859
386861
386836
386591
386831
384366
386811
386790
386753
377616
385791
386524
386251
386469
386394
386418
386360
386233
384913
386347
385908
386341
386342
371907
385828
337333
386062
386267
386268
386222
386204
386219
386230
385831
385705
386093
385882
386163
386155
379322
386101
378500
385984
385871
385662
385943
385718
385824
385783
385756
385730
376698
385605
385643
385016
385639
360845
385534
385591
385567
385537
385539
385044
369294
385501
384950
384644
385160
385045
385476
383895
385474
385216
385333
376732
385144
384141
385151
385021
384215
384851
384863
375777
384353
384876
384599
384682
384475
381491
384846
360873
384677
384660
384654
381732
384517
384573
384560
384486
384477
384444
384469
384453
384396
384347
384373
384343
380794
369192
379314
377221
379060
377057
384208
384159
375518
384156
384079
384076
383991
383626
383882
383728
383862
383872
383828
383824
383697
383790
383785
383730
383741
383453
383447
383629
383600
383548
383556
383510
383262
